datum: &id001
  alt: -12.511000000000001
  lat: 13.574552166666667
  lon: 101.2824756
geofence:
- *id001
- alt: -12.443000000000001
  lat: 13.574624766666666
  lon: 101.28247081666666
- alt: -12.450000000000001
  lat: 13.574625833333334
  lon: 101.28251651666666
- alt: -12.533000000000001
  lat: 13.574554216666666
  lon: 101.28251456666666
geofence_xy:
- x: 0.010749895761990994
  y: 0.13000729483162166
- x: -0.8099890874323354
  y: 8.300553820838607
- x: 4.2725196029532535
  y: 8.708563406294225
- x: 4.660806223304973
  y: 0.7717271306528161
