geofence:
- lat: 13.574542166666667
  lon: 101.28241841666667
- lat: 13.574640966666667
  lon: 101.2824253
- lat: 13.574632283333333
  lon: 101.28247908333333
- lat: 13.574566666666666
  lon: 101.2824871
geofence_xy:
- x: 6.374817792299481
  y: -3.749547578709286
- x: 9.747291173099134
  y: 3.6675544528154562
- x: 14.486115365614944
  y: 0.49636258131250843
- x: 11.391773579381157
  y: -5.91586328954667
